139 106 2004-01-05 0
41 110 2008-10-01 1
134 106 2001-10-17 2
123 104 2008-10-19 3
103 174 2002-07-11 4
178 7 2006-05-16 5
51 132 2009-03-06 6
146 57 2009-12-25 7
66 139 2009-01-26 8
112 59 2001-07-22 9
122 193 2003-04-01 10
138 61 2000-03-18 11
53 2 2005-11-05 12
7 35 2006-09-29 13
125 142 2008-10-17 14
110 136 2001-11-21 15
175 173 2001-08-29 16
75 129 2006-09-14 17
101 105 2000-08-07 18
156 19 2001-11-21 19
118 120 2009-02-22 20
34 26 2005-03-09 21
8 165 2002-11-29 22
34 39 2009-03-10 23
150 114 2006-06-20 24
131 36 2005-02-17 25
164 36 2000-04-14 26
178 96 2007-07-05 27
119 19 2006-11-15 28
48 98 2003-04-26 29
58 141 2007-09-01 30
174 171 2006-10-19 31
122 30 2007-09-25 32
47 173 2001-05-31 33
107 21 2009-05-22 34
115 162 2000-07-20 35
132 198 2005-08-11 36
101 106 2001-09-18 37
54 151 2006-09-20 38
58 132 2001-05-03 39
34 138 2008-11-12 40
41 128 2000-12-20 41
167 118 2000-03-28 42
154 15 2006-02-11 43
131 66 2005-03-13 44
95 8 2000-06-17 45
57 39 2000-11-24 46
103 112 2004-05-27 47
169 129 2009-12-17 48
81 189 2007-12-25 49
125 146 2003-03-23 50
150 47 2008-01-26 51
127 67 2000-08-12 52
63 84 2007-05-24 53
176 80 2003-11-28 54
163 30 2006-12-23 56
184 106 2006-01-08 57
32 139 2005-09-10 58
199 32 2000-11-14 59
117 194 2008-04-30 60
150 42 2002-07-31 61
71 90 2004-06-27 62
14 76 2004-08-18 63
110 131 2007-04-22 64
22 70 2002-07-19 65
86 60 2007-07-16 66
111 168 2003-01-01 67
74 107 2004-04-16 68
125 123 2004-02-05 69
43 66 2009-01-08 70
113 168 2006-02-21 71
86 34 2007-10-14 72
91 103 2003-06-26 73
3 183 2006-12-22 74
85 142 2002-11-21 75
1 136 2002-10-20 76
115 100 2003-08-25 77
0 177 2004-08-07 78
103 137 2007-08-15 79
126 119 2005-05-15 80
73 180 2002-02-16 81
107 199 2006-02-04 82
155 136 2009-05-30 83
184 27 2003-09-19 84
90 60 2007-11-24 85
34 90 2004-04-06 86
88 22 2009-07-21 87
5 43 2007-03-06 88
119 123 2009-09-22 89
3 22 2007-08-03 90
72 93 2005-11-01 91
132 71 2009-07-18 92
129 26 2007-07-19 93
95 167 2002-10-08 94
13 29 2002-04-05 95
166 73 2002-09-27 96
142 115 2008-12-16 97
191 70 2007-01-22 98
125 35 2005-04-15 99
31 102 2005-06-12 100
90 59 2003-11-03 101
10 124 2007-06-24 102
119 52 2008-08-08 103
53 12 2008-03-21 104
6 161 2003-06-16 105
173 75 2007-09-06 106
76 81 2003-10-03 107
144 27 2008-08-23 108
53 95 2007-09-26 109
104 146 2007-04-30 110
110 194 2006-12-12 111
16 158 2009-06-09 112
81 14 2009-04-13 113
199 31 2003-09-24 114
91 166 2000-08-25 115
194 169 2002-09-14 116
50 139 2002-05-29 117
142 196 2002-02-28 118
122 198 2009-04-12 119
3 138 2000-01-27 120
175 102 2006-01-28 121
116 132 2006-09-26 122
156 191 2002-10-30 123
10 81 2007-04-24 124
146 7 2002-12-14 125
104 140 2003-07-01 126
36 166 2009-06-25 127
122 65 2003-08-21 128
47 42 2002-08-18 129
95 45 2005-01-26 130
103 43 2003-01-19 131
77 39 2007-10-11 132
173 177 2001-05-16 133
91 190 2004-03-16 134
164 105 2005-10-03 135
113 8 2001-11-04 136
163 46 2003-01-20 137
12 187 2002-12-06 138
77 178 2008-05-15 139
31 100 2007-01-29 140
92 32 2008-07-28 141
27 147 2005-07-17 142
148 68 2000-04-14 143
190 15 2007-11-23 144
187 66 2004-08-30 145
65 115 2005-05-04 146
102 64 2006-08-17 147
124 132 2004-10-12 148
175 169 2003-03-05 149
52 54 2009-01-20 150
187 199 2008-03-02 151
61 130 2002-06-29 152
23 12 2001-08-07 153
90 94 2005-10-11 154
131 189 2004-09-17 155
113 153 2003-09-21 156
79 60 2005-10-06 157
132 57 2009-04-10 158
74 40 2003-01-09 159
170 179 2006-01-25 160
161 131 2009-08-08 161
12 54 2002-07-25 162
180 144 2008-11-14 163
83 13 2003-06-08 164
44 63 2003-12-04 165
150 79 2006-01-02 166
17 30 2004-08-02 167
137 37 2002-09-12 168
24 45 2002-11-01 169
106 119 2003-12-26 170
138 174 2003-10-07 171
189 163 2001-10-05 172
167 104 2003-05-09 173
16 163 2006-04-26 174
185 127 2003-02-23 175
184 98 2008-12-26 176
134 41 2003-03-31 177
74 58 2005-04-26 178
5 95 2006-09-10 179
70 21 2009-09-25 180
145 54 2009-12-21 181
133 23 2000-12-08 182
163 65 2004-02-17 183
107 92 2000-05-28 184
185 133 2006-05-12 185
47 35 2003-03-16 186
101 184 2000-05-17 187
184 174 2006-01-22 188
57 127 2006-10-10 189
114 29 2001-12-04 190
166 195 2003-03-08 191
142 30 2003-07-31 192
52 159 2000-04-10 193
7 124 2006-03-16 194
188 121 2001-09-25 195
89 137 2000-08-16 196
145 18 2007-08-06 197
172 96 2002-03-03 198
100 132 2004-12-02 199
